Array antes da ordenacao: 75 29 45 12 12 74 43 43 60 88 20 2 81 14 1 76 46 98 42 71 99 91 47 15 54 47 41 79 52 99 2 8 63 64 59 22 81 10 22 48 9 27 89 11 68 66 13 30 91 97 6 57 84 3 22 27 66 6 84 88 36 8 83 3 48 0 11 8 80 28 36 81 57 45 93 34 52 22 90 91 18 52 68 45 38 94 40 52 57 20 67 79 41 1 21 40 98 85 17 1 

==================================================
PASSO 1: Subvetor de indices [0 a 99]
Pivo Escolhido: 6
--------------------------------------------------
 [Troca]: 75 (pos 0) <->  1 (pos 99)
 [Troca]: 29 (pos 1) <->  1 (pos 93)
 [Troca]: 45 (pos 2) <->  0 (pos 65)
 [Troca]: 12 (pos 3) <->  3 (pos 63)
 [Troca]: 12 (pos 4) <->  6 (pos 57)
 [Troca]: 74 (pos 5) <->  3 (pos 53)
 [Troca]: 43 (pos 6) <->  6 (pos 50)
 [Troca]: 43 (pos 7) <->  2 (pos 30)
 [Troca]: 60 (pos 8) <->  1 (pos 14)
 [Troca]: 88 (pos 9) <->  2 (pos 11)
--------------------------------------------------
Estado do vetor apos o PASSO 1: 1 1 0 3 6 3 6 2 1 2 20 88 81 14 60 76 46 98 42 71 99 91 47 15 54 47 41 79 52 99 43 8 63 64 59 22 81 10 22 48 9 27 89 11 68 66 13 30 91 97 43 57 84 74 22 27 66 12 84 88 36 8 83 12 48 45 11 8 80 28 36 81 57 45 93 34 52 22 90 91 18 52 68 45 38 94 40 52 57 20 67 79 41 29 21 40 98 85 17 75 
==================================================

==================================================
PASSO 2: Subvetor de indices [0 a 9]
Pivo Escolhido: 3
--------------------------------------------------
 [Troca]: 3 (pos 3) <->  2 (pos 9)
 [Troca]: 6 (pos 4) <->  1 (pos 8)
 [Troca]: 3 (pos 5) <->  2 (pos 7)
--------------------------------------------------
Estado do vetor apos o PASSO 2: 1 1 0 2 1 2 6 3 6 3 20 88 81 14 60 76 46 98 42 71 99 91 47 15 54 47 41 79 52 99 43 8 63 64 59 22 81 10 22 48 9 27 89 11 68 66 13 30 91 97 43 57 84 74 22 27 66 12 84 88 36 8 83 12 48 45 11 8 80 28 36 81 57 45 93 34 52 22 90 91 18 52 68 45 38 94 40 52 57 20 67 79 41 29 21 40 98 85 17 75 
==================================================

==================================================
PASSO 3: Subvetor de indices [0 a 5]
Pivo Escolhido: 2
--------------------------------------------------
 [Troca]: 2 (pos 3) <->  2 (pos 5)
--------------------------------------------------
Estado do vetor apos o PASSO 3: 1 1 0 2 1 2 6 3 6 3 20 88 81 14 60 76 46 98 42 71 99 91 47 15 54 47 41 79 52 99 43 8 63 64 59 22 81 10 22 48 9 27 89 11 68 66 13 30 91 97 43 57 84 74 22 27 66 12 84 88 36 8 83 12 48 45 11 8 80 28 36 81 57 45 93 34 52 22 90 91 18 52 68 45 38 94 40 52 57 20 67 79 41 29 21 40 98 85 17 75 
==================================================

==================================================
PASSO 4: Subvetor de indices [0 a 4]
Pivo Escolhido: 0
--------------------------------------------------
 [Troca]: 1 (pos 0) <->  0 (pos 2)
--------------------------------------------------
Estado do vetor apos o PASSO 4: 0 1 1 2 1 2 6 3 6 3 20 88 81 14 60 76 46 98 42 71 99 91 47 15 54 47 41 79 52 99 43 8 63 64 59 22 81 10 22 48 9 27 89 11 68 66 13 30 91 97 43 57 84 74 22 27 66 12 84 88 36 8 83 12 48 45 11 8 80 28 36 81 57 45 93 34 52 22 90 91 18 52 68 45 38 94 40 52 57 20 67 79 41 29 21 40 98 85 17 75 
==================================================

==================================================
PASSO 5: Subvetor de indices [1 a 4]
Pivo Escolhido: 2
--------------------------------------------------
 [Troca]: 2 (pos 3) <->  1 (pos 4)
--------------------------------------------------
Estado do vetor apos o PASSO 5: 0 1 1 1 2 2 6 3 6 3 20 88 81 14 60 76 46 98 42 71 99 91 47 15 54 47 41 79 52 99 43 8 63 64 59 22 81 10 22 48 9 27 89 11 68 66 13 30 91 97 43 57 84 74 22 27 66 12 84 88 36 8 83 12 48 45 11 8 80 28 36 81 57 45 93 34 52 22 90 91 18 52 68 45 38 94 40 52 57 20 67 79 41 29 21 40 98 85 17 75 
==================================================

==================================================
PASSO 6: Subvetor de indices [1 a 3]
Pivo Escolhido: 1
--------------------------------------------------
 [Troca]: 1 (pos 1) <->  1 (pos 3)
 [Troca]: 1 (pos 2) <->  1 (pos 2)
--------------------------------------------------
Estado do vetor apos o PASSO 6: 0 1 1 1 2 2 6 3 6 3 20 88 81 14 60 76 46 98 42 71 99 91 47 15 54 47 41 79 52 99 43 8 63 64 59 22 81 10 22 48 9 27 89 11 68 66 13 30 91 97 43 57 84 74 22 27 66 12 84 88 36 8 83 12 48 45 11 8 80 28 36 81 57 45 93 34 52 22 90 91 18 52 68 45 38 94 40 52 57 20 67 79 41 29 21 40 98 85 17 75 
==================================================

==================================================
PASSO 7: Subvetor de indices [6 a 9]
Pivo Escolhido: 6
--------------------------------------------------
 [Troca]: 6 (pos 6) <->  3 (pos 9)
 [Troca]: 6 (pos 8) <->  6 (pos 8)
--------------------------------------------------
Estado do vetor apos o PASSO 7: 0 1 1 1 2 2 3 3 6 6 20 88 81 14 60 76 46 98 42 71 99 91 47 15 54 47 41 79 52 99 43 8 63 64 59 22 81 10 22 48 9 27 89 11 68 66 13 30 91 97 43 57 84 74 22 27 66 12 84 88 36 8 83 12 48 45 11 8 80 28 36 81 57 45 93 34 52 22 90 91 18 52 68 45 38 94 40 52 57 20 67 79 41 29 21 40 98 85 17 75 
==================================================

==================================================
PASSO 8: Subvetor de indices [6 a 7]
Pivo Escolhido: 3
--------------------------------------------------
 [Troca]: 3 (pos 6) <->  3 (pos 7)
--------------------------------------------------
Estado do vetor apos o PASSO 8: 0 1 1 1 2 2 3 3 6 6 20 88 81 14 60 76 46 98 42 71 99 91 47 15 54 47 41 79 52 99 43 8 63 64 59 22 81 10 22 48 9 27 89 11 68 66 13 30 91 97 43 57 84 74 22 27 66 12 84 88 36 8 83 12 48 45 11 8 80 28 36 81 57 45 93 34 52 22 90 91 18 52 68 45 38 94 40 52 57 20 67 79 41 29 21 40 98 85 17 75 
==================================================

==================================================
PASSO 9: Subvetor de indices [10 a 99]
Pivo Escolhido: 27
--------------------------------------------------
 [Troca]: 88 (pos 11) <->  17 (pos 98)
 [Troca]: 81 (pos 12) <->  21 (pos 94)
 [Troca]: 60 (pos 14) <->  20 (pos 89)
 [Troca]: 76 (pos 15) <->  18 (pos 80)
 [Troca]: 46 (pos 16) <->  22 (pos 77)
 [Troca]: 98 (pos 17) <->  8 (pos 67)
 [Troca]: 42 (pos 18) <->  11 (pos 66)
 [Troca]: 71 (pos 19) <->  12 (pos 63)
 [Troca]: 99 (pos 20) <->  8 (pos 61)
 [Troca]: 91 (pos 21) <->  12 (pos 57)
 [Troca]: 47 (pos 22) <->  27 (pos 55)
 [Troca]: 54 (pos 24) <->  22 (pos 54)
 [Troca]: 47 (pos 25) <->  13 (pos 46)
 [Troca]: 41 (pos 26) <->  11 (pos 43)
 [Troca]: 79 (pos 27) <->  27 (pos 41)
 [Troca]: 52 (pos 28) <->  9 (pos 40)
 [Troca]: 99 (pos 29) <->  22 (pos 38)
 [Troca]: 43 (pos 30) <->  10 (pos 37)
 [Troca]: 63 (pos 32) <->  22 (pos 35)
--------------------------------------------------
Estado do vetor apos o PASSO 9: 0 1 1 1 2 2 3 3 6 6 20 17 21 14 20 18 22 8 11 12 8 12 27 15 22 13 11 27 9 22 10 8 22 64 59 63 81 43 99 48 52 79 89 41 68 66 47 30 91 97 43 57 84 74 54 47 66 91 84 88 36 99 83 71 48 45 42 98 80 28 36 81 57 45 93 34 52 46 90 91 76 52 68 45 38 94 40 52 57 60 67 79 41 29 81 40 98 85 88 75 
==================================================

==================================================
PASSO 10: Subvetor de indices [10 a 32]
Pivo Escolhido: 12
--------------------------------------------------
 [Troca]: 20 (pos 10) <->  8 (pos 31)
 [Troca]: 17 (pos 11) <->  10 (pos 30)
 [Troca]: 21 (pos 12) <->  9 (pos 28)
 [Troca]: 14 (pos 13) <->  11 (pos 26)
 [Troca]: 20 (pos 14) <->  12 (pos 21)
 [Troca]: 18 (pos 15) <->  8 (pos 20)
 [Troca]: 22 (pos 16) <->  12 (pos 19)
--------------------------------------------------
Estado do vetor apos o PASSO 10: 0 1 1 1 2 2 3 3 6 6 8 10 9 11 12 8 12 8 11 22 18 20 27 15 22 13 14 27 21 22 17 20 22 64 59 63 81 43 99 48 52 79 89 41 68 66 47 30 91 97 43 57 84 74 54 47 66 91 84 88 36 99 83 71 48 45 42 98 80 28 36 81 57 45 93 34 52 46 90 91 76 52 68 45 38 94 40 52 57 60 67 79 41 29 81 40 98 85 88 75 
==================================================

==================================================
PASSO 11: Subvetor de indices [10 a 18]
Pivo Escolhido: 12
--------------------------------------------------
 [Troca]: 12 (pos 14) <->  11 (pos 18)
 [Troca]: 12 (pos 16) <->  8 (pos 17)
--------------------------------------------------
Estado do vetor apos o PASSO 11: 0 1 1 1 2 2 3 3 6 6 8 10 9 11 11 8 8 12 12 22 18 20 27 15 22 13 14 27 21 22 17 20 22 64 59 63 81 43 99 48 52 79 89 41 68 66 47 30 91 97 43 57 84 74 54 47 66 91 84 88 36 99 83 71 48 45 42 98 80 28 36 81 57 45 93 34 52 46 90 91 76 52 68 45 38 94 40 52 57 60 67 79 41 29 81 40 98 85 88 75 
==================================================

==================================================
PASSO 12: Subvetor de indices [10 a 16]
Pivo Escolhido: 11
--------------------------------------------------
 [Troca]: 11 (pos 13) <->  8 (pos 16)
 [Troca]: 11 (pos 14) <->  8 (pos 15)
--------------------------------------------------
Estado do vetor apos o PASSO 12: 0 1 1 1 2 2 3 3 6 6 8 10 9 8 8 11 11 12 12 22 18 20 27 15 22 13 14 27 21 22 17 20 22 64 59 63 81 43 99 48 52 79 89 41 68 66 47 30 91 97 43 57 84 74 54 47 66 91 84 88 36 99 83 71 48 45 42 98 80 28 36 81 57 45 93 34 52 46 90 91 76 52 68 45 38 94 40 52 57 60 67 79 41 29 81 40 98 85 88 75 
==================================================

==================================================
PASSO 13: Subvetor de indices [10 a 14]
Pivo Escolhido: 9
--------------------------------------------------
 [Troca]: 10 (pos 11) <->  8 (pos 14)
 [Troca]: 9 (pos 12) <->  8 (pos 13)
--------------------------------------------------
Estado do vetor apos o PASSO 13: 0 1 1 1 2 2 3 3 6 6 8 8 8 9 10 11 11 12 12 22 18 20 27 15 22 13 14 27 21 22 17 20 22 64 59 63 81 43 99 48 52 79 89 41 68 66 47 30 91 97 43 57 84 74 54 47 66 91 84 88 36 99 83 71 48 45 42 98 80 28 36 81 57 45 93 34 52 46 90 91 76 52 68 45 38 94 40 52 57 60 67 79 41 29 81 40 98 85 88 75 
==================================================

==================================================
PASSO 14: Subvetor de indices [10 a 12]
Pivo Escolhido: 8
--------------------------------------------------
 [Troca]: 8 (pos 10) <->  8 (pos 12)
 [Troca]: 8 (pos 11) <->  8 (pos 11)
--------------------------------------------------
Estado do vetor apos o PASSO 14: 0 1 1 1 2 2 3 3 6 6 8 8 8 9 10 11 11 12 12 22 18 20 27 15 22 13 14 27 21 22 17 20 22 64 59 63 81 43 99 48 52 79 89 41 68 66 47 30 91 97 43 57 84 74 54 47 66 91 84 88 36 99 83 71 48 45 42 98 80 28 36 81 57 45 93 34 52 46 90 91 76 52 68 45 38 94 40 52 57 60 67 79 41 29 81 40 98 85 88 75 
==================================================

==================================================
PASSO 15: Subvetor de indices [13 a 14]
Pivo Escolhido: 10
--------------------------------------------------
 [Troca]: 10 (pos 14) <->  10 (pos 14)
--------------------------------------------------
Estado do vetor apos o PASSO 15: 0 1 1 1 2 2 3 3 6 6 8 8 8 9 10 11 11 12 12 22 18 20 27 15 22 13 14 27 21 22 17 20 22 64 59 63 81 43 99 48 52 79 89 41 68 66 47 30 91 97 43 57 84 74 54 47 66 91 84 88 36 99 83 71 48 45 42 98 80 28 36 81 57 45 93 34 52 46 90 91 76 52 68 45 38 94 40 52 57 60 67 79 41 29 81 40 98 85 88 75 
==================================================

==================================================
PASSO 16: Subvetor de indices [15 a 16]
Pivo Escolhido: 11
--------------------------------------------------
 [Troca]: 11 (pos 15) <->  11 (pos 16)
--------------------------------------------------
Estado do vetor apos o PASSO 16: 0 1 1 1 2 2 3 3 6 6 8 8 8 9 10 11 11 12 12 22 18 20 27 15 22 13 14 27 21 22 17 20 22 64 59 63 81 43 99 48 52 79 89 41 68 66 47 30 91 97 43 57 84 74 54 47 66 91 84 88 36 99 83 71 48 45 42 98 80 28 36 81 57 45 93 34 52 46 90 91 76 52 68 45 38 94 40 52 57 60 67 79 41 29 81 40 98 85 88 75 
==================================================

==================================================
PASSO 17: Subvetor de indices [17 a 18]
Pivo Escolhido: 12
--------------------------------------------------
 [Troca]: 12 (pos 17) <->  12 (pos 18)
--------------------------------------------------
Estado do vetor apos o PASSO 17: 0 1 1 1 2 2 3 3 6 6 8 8 8 9 10 11 11 12 12 22 18 20 27 15 22 13 14 27 21 22 17 20 22 64 59 63 81 43 99 48 52 79 89 41 68 66 47 30 91 97 43 57 84 74 54 47 66 91 84 88 36 99 83 71 48 45 42 98 80 28 36 81 57 45 93 34 52 46 90 91 76 52 68 45 38 94 40 52 57 60 67 79 41 29 81 40 98 85 88 75 
==================================================

==================================================
PASSO 18: Subvetor de indices [19 a 32]
Pivo Escolhido: 14
--------------------------------------------------
 [Troca]: 22 (pos 19) <->  14 (pos 26)
 [Troca]: 18 (pos 20) <->  13 (pos 25)
--------------------------------------------------
Estado do vetor apos o PASSO 18: 0 1 1 1 2 2 3 3 6 6 8 8 8 9 10 11 11 12 12 14 13 20 27 15 22 18 22 27 21 22 17 20 22 64 59 63 81 43 99 48 52 79 89 41 68 66 47 30 91 97 43 57 84 74 54 47 66 91 84 88 36 99 83 71 48 45 42 98 80 28 36 81 57 45 93 34 52 46 90 91 76 52 68 45 38 94 40 52 57 60 67 79 41 29 81 40 98 85 88 75 
==================================================

==================================================
PASSO 19: Subvetor de indices [19 a 20]
Pivo Escolhido: 13
--------------------------------------------------
 [Troca]: 14 (pos 19) <->  13 (pos 20)
--------------------------------------------------
Estado do vetor apos o PASSO 19: 0 1 1 1 2 2 3 3 6 6 8 8 8 9 10 11 11 12 12 13 14 20 27 15 22 18 22 27 21 22 17 20 22 64 59 63 81 43 99 48 52 79 89 41 68 66 47 30 91 97 43 57 84 74 54 47 66 91 84 88 36 99 83 71 48 45 42 98 80 28 36 81 57 45 93 34 52 46 90 91 76 52 68 45 38 94 40 52 57 60 67 79 41 29 81 40 98 85 88 75 
==================================================

==================================================
PASSO 20: Subvetor de indices [21 a 32]
Pivo Escolhido: 27
--------------------------------------------------
 [Troca]: 27 (pos 22) <->  22 (pos 32)
 [Troca]: 27 (pos 27) <->  20 (pos 31)
--------------------------------------------------
Estado do vetor apos o PASSO 20: 0 1 1 1 2 2 3 3 6 6 8 8 8 9 10 11 11 12 12 13 14 20 22 15 22 18 22 20 21 22 17 27 27 64 59 63 81 43 99 48 52 79 89 41 68 66 47 30 91 97 43 57 84 74 54 47 66 91 84 88 36 99 83 71 48 45 42 98 80 28 36 81 57 45 93 34 52 46 90 91 76 52 68 45 38 94 40 52 57 60 67 79 41 29 81 40 98 85 88 75 
==================================================

==================================================
PASSO 21: Subvetor de indices [21 a 30]
Pivo Escolhido: 22
--------------------------------------------------
 [Troca]: 22 (pos 22) <->  17 (pos 30)
 [Troca]: 22 (pos 24) <->  22 (pos 29)
 [Troca]: 22 (pos 26) <->  21 (pos 28)
--------------------------------------------------
Estado do vetor apos o PASSO 21: 0 1 1 1 2 2 3 3 6 6 8 8 8 9 10 11 11 12 12 13 14 20 17 15 22 18 21 20 22 22 22 27 27 64 59 63 81 43 99 48 52 79 89 41 68 66 47 30 91 97 43 57 84 74 54 47 66 91 84 88 36 99 83 71 48 45 42 98 80 28 36 81 57 45 93 34 52 46 90 91 76 52 68 45 38 94 40 52 57 60 67 79 41 29 81 40 98 85 88 75 
==================================================

==================================================
PASSO 22: Subvetor de indices [21 a 27]
Pivo Escolhido: 22
--------------------------------------------------
 [Troca]: 22 (pos 24) <->  20 (pos 27)
--------------------------------------------------
Estado do vetor apos o PASSO 22: 0 1 1 1 2 2 3 3 6 6 8 8 8 9 10 11 11 12 12 13 14 20 17 15 20 18 21 22 22 22 22 27 27 64 59 63 81 43 99 48 52 79 89 41 68 66 47 30 91 97 43 57 84 74 54 47 66 91 84 88 36 99 83 71 48 45 42 98 80 28 36 81 57 45 93 34 52 46 90 91 76 52 68 45 38 94 40 52 57 60 67 79 41 29 81 40 98 85 88 75 
==================================================

==================================================
PASSO 23: Subvetor de indices [21 a 26]
Pivo Escolhido: 20
--------------------------------------------------
 [Troca]: 20 (pos 21) <->  18 (pos 25)
 [Troca]: 20 (pos 24) <->  20 (pos 24)
--------------------------------------------------
Estado do vetor apos o PASSO 23: 0 1 1 1 2 2 3 3 6 6 8 8 8 9 10 11 11 12 12 13 14 18 17 15 20 20 21 22 22 22 22 27 27 64 59 63 81 43 99 48 52 79 89 41 68 66 47 30 91 97 43 57 84 74 54 47 66 91 84 88 36 99 83 71 48 45 42 98 80 28 36 81 57 45 93 34 52 46 90 91 76 52 68 45 38 94 40 52 57 60 67 79 41 29 81 40 98 85 88 75 
==================================================

==================================================
PASSO 24: Subvetor de indices [21 a 23]
Pivo Escolhido: 17
--------------------------------------------------
 [Troca]: 18 (pos 21) <->  15 (pos 23)
 [Troca]: 17 (pos 22) <->  17 (pos 22)
--------------------------------------------------
Estado do vetor apos o PASSO 24: 0 1 1 1 2 2 3 3 6 6 8 8 8 9 10 11 11 12 12 13 14 15 17 18 20 20 21 22 22 22 22 27 27 64 59 63 81 43 99 48 52 79 89 41 68 66 47 30 91 97 43 57 84 74 54 47 66 91 84 88 36 99 83 71 48 45 42 98 80 28 36 81 57 45 93 34 52 46 90 91 76 52 68 45 38 94 40 52 57 60 67 79 41 29 81 40 98 85 88 75 
==================================================

==================================================
PASSO 25: Subvetor de indices [25 a 26]
Pivo Escolhido: 21
--------------------------------------------------
 [Troca]: 21 (pos 26) <->  21 (pos 26)
--------------------------------------------------
Estado do vetor apos o PASSO 25: 0 1 1 1 2 2 3 3 6 6 8 8 8 9 10 11 11 12 12 13 14 15 17 18 20 20 21 22 22 22 22 27 27 64 59 63 81 43 99 48 52 79 89 41 68 66 47 30 91 97 43 57 84 74 54 47 66 91 84 88 36 99 83 71 48 45 42 98 80 28 36 81 57 45 93 34 52 46 90 91 76 52 68 45 38 94 40 52 57 60 67 79 41 29 81 40 98 85 88 75 
==================================================

==================================================
PASSO 26: Subvetor de indices [28 a 30]
Pivo Escolhido: 22
--------------------------------------------------
 [Troca]: 22 (pos 28) <->  22 (pos 30)
 [Troca]: 22 (pos 29) <->  22 (pos 29)
--------------------------------------------------
Estado do vetor apos o PASSO 26: 0 1 1 1 2 2 3 3 6 6 8 8 8 9 10 11 11 12 12 13 14 15 17 18 20 20 21 22 22 22 22 27 27 64 59 63 81 43 99 48 52 79 89 41 68 66 47 30 91 97 43 57 84 74 54 47 66 91 84 88 36 99 83 71 48 45 42 98 80 28 36 81 57 45 93 34 52 46 90 91 76 52 68 45 38 94 40 52 57 60 67 79 41 29 81 40 98 85 88 75 
==================================================

==================================================
PASSO 27: Subvetor de indices [31 a 32]
Pivo Escolhido: 27
--------------------------------------------------
 [Troca]: 27 (pos 31) <->  27 (pos 32)
--------------------------------------------------
Estado do vetor apos o PASSO 27: 0 1 1 1 2 2 3 3 6 6 8 8 8 9 10 11 11 12 12 13 14 15 17 18 20 20 21 22 22 22 22 27 27 64 59 63 81 43 99 48 52 79 89 41 68 66 47 30 91 97 43 57 84 74 54 47 66 91 84 88 36 99 83 71 48 45 42 98 80 28 36 81 57 45 93 34 52 46 90 91 76 52 68 45 38 94 40 52 57 60 67 79 41 29 81 40 98 85 88 75 
==================================================

==================================================
PASSO 28: Subvetor de indices [33 a 99]
Pivo Escolhido: 42
--------------------------------------------------
 [Troca]: 64 (pos 33) <->  40 (pos 95)
 [Troca]: 59 (pos 34) <->  29 (pos 93)
 [Troca]: 63 (pos 35) <->  41 (pos 92)
 [Troca]: 81 (pos 36) <->  40 (pos 86)
 [Troca]: 43 (pos 37) <->  38 (pos 84)
 [Troca]: 99 (pos 38) <->  34 (pos 75)
 [Troca]: 48 (pos 39) <->  36 (pos 70)
 [Troca]: 52 (pos 40) <->  28 (pos 69)
 [Troca]: 79 (pos 41) <->  42 (pos 66)
 [Troca]: 89 (pos 42) <->  36 (pos 60)
 [Troca]: 68 (pos 44) <->  30 (pos 47)
--------------------------------------------------
Estado do vetor apos o PASSO 28: 0 1 1 1 2 2 3 3 6 6 8 8 8 9 10 11 11 12 12 13 14 15 17 18 20 20 21 22 22 22 22 27 27 40 29 41 40 38 34 36 28 42 36 41 30 66 47 68 91 97 43 57 84 74 54 47 66 91 84 88 89 99 83 71 48 45 79 98 80 52 48 81 57 45 93 99 52 46 90 91 76 52 68 45 43 94 81 52 57 60 67 79 63 59 81 64 98 85 88 75 
==================================================

==================================================
PASSO 29: Subvetor de indices [33 a 44]
Pivo Escolhido: 36
--------------------------------------------------
 [Troca]: 40 (pos 33) <->  30 (pos 44)
 [Troca]: 41 (pos 35) <->  36 (pos 42)
 [Troca]: 40 (pos 36) <->  28 (pos 40)
 [Troca]: 38 (pos 37) <->  36 (pos 39)
--------------------------------------------------
Estado do vetor apos o PASSO 29: 0 1 1 1 2 2 3 3 6 6 8 8 8 9 10 11 11 12 12 13 14 15 17 18 20 20 21 22 22 22 22 27 27 30 29 36 28 36 34 38 40 42 41 41 40 66 47 68 91 97 43 57 84 74 54 47 66 91 84 88 89 99 83 71 48 45 79 98 80 52 48 81 57 45 93 99 52 46 90 91 76 52 68 45 43 94 81 52 57 60 67 79 63 59 81 64 98 85 88 75 
==================================================

==================================================
PASSO 30: Subvetor de indices [33 a 38]
Pivo Escolhido: 28
--------------------------------------------------
 [Troca]: 30 (pos 33) <->  28 (pos 36)
--------------------------------------------------
Estado do vetor apos o PASSO 30: 0 1 1 1 2 2 3 3 6 6 8 8 8 9 10 11 11 12 12 13 14 15 17 18 20 20 21 22 22 22 22 27 27 28 29 36 30 36 34 38 40 42 41 41 40 66 47 68 91 97 43 57 84 74 54 47 66 91 84 88 89 99 83 71 48 45 79 98 80 52 48 81 57 45 93 99 52 46 90 91 76 52 68 45 43 94 81 52 57 60 67 79 63 59 81 64 98 85 88 75 
==================================================

==================================================
PASSO 31: Subvetor de indices [34 a 38]
Pivo Escolhido: 30
--------------------------------------------------
 [Troca]: 36 (pos 35) <->  30 (pos 36)
--------------------------------------------------
Estado do vetor apos o PASSO 31: 0 1 1 1 2 2 3 3 6 6 8 8 8 9 10 11 11 12 12 13 14 15 17 18 20 20 21 22 22 22 22 27 27 28 29 30 36 36 34 38 40 42 41 41 40 66 47 68 91 97 43 57 84 74 54 47 66 91 84 88 89 99 83 71 48 45 79 98 80 52 48 81 57 45 93 99 52 46 90 91 76 52 68 45 43 94 81 52 57 60 67 79 63 59 81 64 98 85 88 75 
==================================================

==================================================
PASSO 32: Subvetor de indices [34 a 35]
Pivo Escolhido: 30
--------------------------------------------------
 [Troca]: 30 (pos 35) <->  30 (pos 35)
--------------------------------------------------
Estado do vetor apos o PASSO 32: 0 1 1 1 2 2 3 3 6 6 8 8 8 9 10 11 11 12 12 13 14 15 17 18 20 20 21 22 22 22 22 27 27 28 29 30 36 36 34 38 40 42 41 41 40 66 47 68 91 97 43 57 84 74 54 47 66 91 84 88 89 99 83 71 48 45 79 98 80 52 48 81 57 45 93 99 52 46 90 91 76 52 68 45 43 94 81 52 57 60 67 79 63 59 81 64 98 85 88 75 
==================================================

==================================================
PASSO 33: Subvetor de indices [36 a 38]
Pivo Escolhido: 36
--------------------------------------------------
 [Troca]: 36 (pos 36) <->  34 (pos 38)
 [Troca]: 36 (pos 37) <->  36 (pos 37)
--------------------------------------------------
Estado do vetor apos o PASSO 33: 0 1 1 1 2 2 3 3 6 6 8 8 8 9 10 11 11 12 12 13 14 15 17 18 20 20 21 22 22 22 22 27 27 28 29 30 34 36 36 38 40 42 41 41 40 66 47 68 91 97 43 57 84 74 54 47 66 91 84 88 89 99 83 71 48 45 79 98 80 52 48 81 57 45 93 99 52 46 90 91 76 52 68 45 43 94 81 52 57 60 67 79 63 59 81 64 98 85 88 75 
==================================================

==================================================
PASSO 34: Subvetor de indices [39 a 44]
Pivo Escolhido: 41
--------------------------------------------------
 [Troca]: 42 (pos 41) <->  40 (pos 44)
 [Troca]: 41 (pos 42) <->  41 (pos 43)
--------------------------------------------------
Estado do vetor apos o PASSO 34: 0 1 1 1 2 2 3 3 6 6 8 8 8 9 10 11 11 12 12 13 14 15 17 18 20 20 21 22 22 22 22 27 27 28 29 30 34 36 36 38 40 40 41 41 42 66 47 68 91 97 43 57 84 74 54 47 66 91 84 88 89 99 83 71 48 45 79 98 80 52 48 81 57 45 93 99 52 46 90 91 76 52 68 45 43 94 81 52 57 60 67 79 63 59 81 64 98 85 88 75 
==================================================

==================================================
PASSO 35: Subvetor de indices [39 a 42]
Pivo Escolhido: 40
--------------------------------------------------
 [Troca]: 40 (pos 40) <->  40 (pos 41)
--------------------------------------------------
Estado do vetor apos o PASSO 35: 0 1 1 1 2 2 3 3 6 6 8 8 8 9 10 11 11 12 12 13 14 15 17 18 20 20 21 22 22 22 22 27 27 28 29 30 34 36 36 38 40 40 41 41 42 66 47 68 91 97 43 57 84 74 54 47 66 91 84 88 89 99 83 71 48 45 79 98 80 52 48 81 57 45 93 99 52 46 90 91 76 52 68 45 43 94 81 52 57 60 67 79 63 59 81 64 98 85 88 75 
==================================================

==================================================
PASSO 36: Subvetor de indices [39 a 40]
Pivo Escolhido: 40
--------------------------------------------------
 [Troca]: 40 (pos 40) <->  40 (pos 40)
--------------------------------------------------
Estado do vetor apos o PASSO 36: 0 1 1 1 2 2 3 3 6 6 8 8 8 9 10 11 11 12 12 13 14 15 17 18 20 20 21 22 22 22 22 27 27 28 29 30 34 36 36 38 40 40 41 41 42 66 47 68 91 97 43 57 84 74 54 47 66 91 84 88 89 99 83 71 48 45 79 98 80 52 48 81 57 45 93 99 52 46 90 91 76 52 68 45 43 94 81 52 57 60 67 79 63 59 81 64 98 85 88 75 
==================================================

==================================================
PASSO 37: Subvetor de indices [41 a 42]
Pivo Escolhido: 41
--------------------------------------------------
 [Troca]: 41 (pos 42) <->  41 (pos 42)
--------------------------------------------------
Estado do vetor apos o PASSO 37: 0 1 1 1 2 2 3 3 6 6 8 8 8 9 10 11 11 12 12 13 14 15 17 18 20 20 21 22 22 22 22 27 27 28 29 30 34 36 36 38 40 40 41 41 42 66 47 68 91 97 43 57 84 74 54 47 66 91 84 88 89 99 83 71 48 45 79 98 80 52 48 81 57 45 93 99 52 46 90 91 76 52 68 45 43 94 81 52 57 60 67 79 63 59 81 64 98 85 88 75 
==================================================

==================================================
PASSO 38: Subvetor de indices [43 a 44]
Pivo Escolhido: 42
--------------------------------------------------
 [Troca]: 42 (pos 44) <->  42 (pos 44)
--------------------------------------------------
Estado do vetor apos o PASSO 38: 0 1 1 1 2 2 3 3 6 6 8 8 8 9 10 11 11 12 12 13 14 15 17 18 20 20 21 22 22 22 22 27 27 28 29 30 34 36 36 38 40 40 41 41 42 66 47 68 91 97 43 57 84 74 54 47 66 91 84 88 89 99 83 71 48 45 79 98 80 52 48 81 57 45 93 99 52 46 90 91 76 52 68 45 43 94 81 52 57 60 67 79 63 59 81 64 98 85 88 75 
==================================================

==================================================
PASSO 39: Subvetor de indices [45 a 99]
Pivo Escolhido: 57
--------------------------------------------------
 [Troca]: 66 (pos 45) <->  57 (pos 88)
 [Troca]: 68 (pos 47) <->  52 (pos 87)
 [Troca]: 91 (pos 48) <->  43 (pos 84)
 [Troca]: 97 (pos 49) <->  45 (pos 83)
 [Troca]: 57 (pos 51) <->  52 (pos 81)
 [Troca]: 84 (pos 52) <->  46 (pos 77)
 [Troca]: 74 (pos 53) <->  52 (pos 76)
 [Troca]: 66 (pos 56) <->  45 (pos 73)
 [Troca]: 91 (pos 57) <->  57 (pos 72)
 [Troca]: 84 (pos 58) <->  48 (pos 70)
 [Troca]: 88 (pos 59) <->  52 (pos 69)
 [Troca]: 89 (pos 60) <->  45 (pos 65)
 [Troca]: 99 (pos 61) <->  48 (pos 64)
--------------------------------------------------
Estado do vetor apos o PASSO 39: 0 1 1 1 2 2 3 3 6 6 8 8 8 9 10 11 11 12 12 13 14 15 17 18 20 20 21 22 22 22 22 27 27 28 29 30 34 36 36 38 40 40 41 41 42 57 47 52 43 45 43 52 46 52 54 47 45 57 48 52 45 48 83 71 99 89 79 98 80 88 84 81 91 66 93 99 74 84 90 91 76 57 68 97 91 94 81 68 66 60 67 79 63 59 81 64 98 85 88 75 
==================================================

==================================================
PASSO 40: Subvetor de indices [45 a 61]
Pivo Escolhido: 52
--------------------------------------------------
 [Troca]: 57 (pos 45) <->  48 (pos 61)
 [Troca]: 52 (pos 47) <->  45 (pos 60)
 [Troca]: 52 (pos 51) <->  52 (pos 59)
 [Troca]: 52 (pos 53) <->  48 (pos 58)
 [Troca]: 54 (pos 54) <->  45 (pos 56)
--------------------------------------------------
Estado do vetor apos o PASSO 40: 0 1 1 1 2 2 3 3 6 6 8 8 8 9 10 11 11 12 12 13 14 15 17 18 20 20 21 22 22 22 22 27 27 28 29 30 34 36 36 38 40 40 41 41 42 48 47 45 43 45 43 52 46 48 45 47 54 57 52 52 52 57 83 71 99 89 79 98 80 88 84 81 91 66 93 99 74 84 90 91 76 57 68 97 91 94 81 68 66 60 67 79 63 59 81 64 98 85 88 75 
==================================================

==================================================
PASSO 41: Subvetor de indices [45 a 55]
Pivo Escolhido: 43
--------------------------------------------------
 [Troca]: 48 (pos 45) <->  43 (pos 50)
 [Troca]: 47 (pos 46) <->  43 (pos 48)
--------------------------------------------------
Estado do vetor apos o PASSO 41: 0 1 1 1 2 2 3 3 6 6 8 8 8 9 10 11 11 12 12 13 14 15 17 18 20 20 21 22 22 22 22 27 27 28 29 30 34 36 36 38 40 40 41 41 42 43 43 45 47 45 48 52 46 48 45 47 54 57 52 52 52 57 83 71 99 89 79 98 80 88 84 81 91 66 93 99 74 84 90 91 76 57 68 97 91 94 81 68 66 60 67 79 63 59 81 64 98 85 88 75 
==================================================

==================================================
PASSO 42: Subvetor de indices [45 a 46]
Pivo Escolhido: 43
--------------------------------------------------
 [Troca]: 43 (pos 45) <->  43 (pos 46)
--------------------------------------------------
Estado do vetor apos o PASSO 42: 0 1 1 1 2 2 3 3 6 6 8 8 8 9 10 11 11 12 12 13 14 15 17 18 20 20 21 22 22 22 22 27 27 28 29 30 34 36 36 38 40 40 41 41 42 43 43 45 47 45 48 52 46 48 45 47 54 57 52 52 52 57 83 71 99 89 79 98 80 88 84 81 91 66 93 99 74 84 90 91 76 57 68 97 91 94 81 68 66 60 67 79 63 59 81 64 98 85 88 75 
==================================================

==================================================
PASSO 43: Subvetor de indices [47 a 55]
Pivo Escolhido: 52
--------------------------------------------------
 [Troca]: 52 (pos 51) <->  47 (pos 55)
--------------------------------------------------
Estado do vetor apos o PASSO 43: 0 1 1 1 2 2 3 3 6 6 8 8 8 9 10 11 11 12 12 13 14 15 17 18 20 20 21 22 22 22 22 27 27 28 29 30 34 36 36 38 40 40 41 41 42 43 43 45 47 45 48 47 46 48 45 52 54 57 52 52 52 57 83 71 99 89 79 98 80 88 84 81 91 66 93 99 74 84 90 91 76 57 68 97 91 94 81 68 66 60 67 79 63 59 81 64 98 85 88 75 
==================================================

==================================================
PASSO 44: Subvetor de indices [47 a 54]
Pivo Escolhido: 47
--------------------------------------------------
 [Troca]: 47 (pos 48) <->  45 (pos 54)
 [Troca]: 48 (pos 50) <->  46 (pos 52)
 [Troca]: 47 (pos 51) <->  47 (pos 51)
--------------------------------------------------
Estado do vetor apos o PASSO 44: 0 1 1 1 2 2 3 3 6 6 8 8 8 9 10 11 11 12 12 13 14 15 17 18 20 20 21 22 22 22 22 27 27 28 29 30 34 36 36 38 40 40 41 41 42 43 43 45 45 45 46 47 48 48 47 52 54 57 52 52 52 57 83 71 99 89 79 98 80 88 84 81 91 66 93 99 74 84 90 91 76 57 68 97 91 94 81 68 66 60 67 79 63 59 81 64 98 85 88 75 
==================================================

==================================================
PASSO 45: Subvetor de indices [47 a 50]
Pivo Escolhido: 45
--------------------------------------------------
 [Troca]: 45 (pos 47) <->  45 (pos 49)
 [Troca]: 45 (pos 48) <->  45 (pos 48)
--------------------------------------------------
Estado do vetor apos o PASSO 45: 0 1 1 1 2 2 3 3 6 6 8 8 8 9 10 11 11 12 12 13 14 15 17 18 20 20 21 22 22 22 22 27 27 28 29 30 34 36 36 38 40 40 41 41 42 43 43 45 45 45 46 47 48 48 47 52 54 57 52 52 52 57 83 71 99 89 79 98 80 88 84 81 91 66 93 99 74 84 90 91 76 57 68 97 91 94 81 68 66 60 67 79 63 59 81 64 98 85 88 75 
==================================================

==================================================
PASSO 46: Subvetor de indices [49 a 50]
Pivo Escolhido: 46
--------------------------------------------------
 [Troca]: 46 (pos 50) <->  46 (pos 50)
--------------------------------------------------
Estado do vetor apos o PASSO 46: 0 1 1 1 2 2 3 3 6 6 8 8 8 9 10 11 11 12 12 13 14 15 17 18 20 20 21 22 22 22 22 27 27 28 29 30 34 36 36 38 40 40 41 41 42 43 43 45 45 45 46 47 48 48 47 52 54 57 52 52 52 57 83 71 99 89 79 98 80 88 84 81 91 66 93 99 74 84 90 91 76 57 68 97 91 94 81 68 66 60 67 79 63 59 81 64 98 85 88 75 
==================================================

==================================================
PASSO 47: Subvetor de indices [52 a 54]
Pivo Escolhido: 48
--------------------------------------------------
 [Troca]: 48 (pos 52) <->  47 (pos 54)
 [Troca]: 48 (pos 53) <->  48 (pos 53)
--------------------------------------------------
Estado do vetor apos o PASSO 47: 0 1 1 1 2 2 3 3 6 6 8 8 8 9 10 11 11 12 12 13 14 15 17 18 20 20 21 22 22 22 22 27 27 28 29 30 34 36 36 38 40 40 41 41 42 43 43 45 45 45 46 47 47 48 48 52 54 57 52 52 52 57 83 71 99 89 79 98 80 88 84 81 91 66 93 99 74 84 90 91 76 57 68 97 91 94 81 68 66 60 67 79 63 59 81 64 98 85 88 75 
==================================================

==================================================
PASSO 48: Subvetor de indices [56 a 61]
Pivo Escolhido: 52
--------------------------------------------------
 [Troca]: 54 (pos 56) <->  52 (pos 60)
 [Troca]: 57 (pos 57) <->  52 (pos 59)
 [Troca]: 52 (pos 58) <->  52 (pos 58)
--------------------------------------------------
Estado do vetor apos o PASSO 48: 0 1 1 1 2 2 3 3 6 6 8 8 8 9 10 11 11 12 12 13 14 15 17 18 20 20 21 22 22 22 22 27 27 28 29 30 34 36 36 38 40 40 41 41 42 43 43 45 45 45 46 47 47 48 48 52 52 52 52 57 54 57 83 71 99 89 79 98 80 88 84 81 91 66 93 99 74 84 90 91 76 57 68 97 91 94 81 68 66 60 67 79 63 59 81 64 98 85 88 75 
==================================================

==================================================
PASSO 49: Subvetor de indices [56 a 57]
Pivo Escolhido: 52
--------------------------------------------------
 [Troca]: 52 (pos 56) <->  52 (pos 57)
--------------------------------------------------
Estado do vetor apos o PASSO 49: 0 1 1 1 2 2 3 3 6 6 8 8 8 9 10 11 11 12 12 13 14 15 17 18 20 20 21 22 22 22 22 27 27 28 29 30 34 36 36 38 40 40 41 41 42 43 43 45 45 45 46 47 47 48 48 52 52 52 52 57 54 57 83 71 99 89 79 98 80 88 84 81 91 66 93 99 74 84 90 91 76 57 68 97 91 94 81 68 66 60 67 79 63 59 81 64 98 85 88 75 
==================================================

==================================================
PASSO 50: Subvetor de indices [59 a 61]
Pivo Escolhido: 54
--------------------------------------------------
 [Troca]: 57 (pos 59) <->  54 (pos 60)
--------------------------------------------------
Estado do vetor apos o PASSO 50: 0 1 1 1 2 2 3 3 6 6 8 8 8 9 10 11 11 12 12 13 14 15 17 18 20 20 21 22 22 22 22 27 27 28 29 30 34 36 36 38 40 40 41 41 42 43 43 45 45 45 46 47 47 48 48 52 52 52 52 54 57 57 83 71 99 89 79 98 80 88 84 81 91 66 93 99 74 84 90 91 76 57 68 97 91 94 81 68 66 60 67 79 63 59 81 64 98 85 88 75 
==================================================

==================================================
PASSO 51: Subvetor de indices [60 a 61]
Pivo Escolhido: 57
--------------------------------------------------
 [Troca]: 57 (pos 60) <->  57 (pos 61)
--------------------------------------------------
Estado do vetor apos o PASSO 51: 0 1 1 1 2 2 3 3 6 6 8 8 8 9 10 11 11 12 12 13 14 15 17 18 20 20 21 22 22 22 22 27 27 28 29 30 34 36 36 38 40 40 41 41 42 43 43 45 45 45 46 47 47 48 48 52 52 52 52 54 57 57 83 71 99 89 79 98 80 88 84 81 91 66 93 99 74 84 90 91 76 57 68 97 91 94 81 68 66 60 67 79 63 59 81 64 98 85 88 75 
==================================================

==================================================
PASSO 52: Subvetor de indices [62 a 99]
Pivo Escolhido: 57
--------------------------------------------------
 [Troca]: 83 (pos 62) <->  57 (pos 81)
--------------------------------------------------
Estado do vetor apos o PASSO 52: 0 1 1 1 2 2 3 3 6 6 8 8 8 9 10 11 11 12 12 13 14 15 17 18 20 20 21 22 22 22 22 27 27 28 29 30 34 36 36 38 40 40 41 41 42 43 43 45 45 45 46 47 47 48 48 52 52 52 52 54 57 57 57 71 99 89 79 98 80 88 84 81 91 66 93 99 74 84 90 91 76 83 68 97 91 94 81 68 66 60 67 79 63 59 81 64 98 85 88 75 
==================================================

==================================================
PASSO 53: Subvetor de indices [63 a 99]
Pivo Escolhido: 83
--------------------------------------------------
 [Troca]: 99 (pos 64) <->  75 (pos 99)
 [Troca]: 89 (pos 65) <->  64 (pos 95)
 [Troca]: 98 (pos 67) <->  81 (pos 94)
 [Troca]: 88 (pos 69) <->  59 (pos 93)
 [Troca]: 84 (pos 70) <->  63 (pos 92)
 [Troca]: 91 (pos 72) <->  79 (pos 91)
 [Troca]: 93 (pos 74) <->  67 (pos 90)
 [Troca]: 99 (pos 75) <->  60 (pos 89)
 [Troca]: 84 (pos 77) <->  66 (pos 88)
 [Troca]: 90 (pos 78) <->  68 (pos 87)
 [Troca]: 91 (pos 79) <->  81 (pos 86)
 [Troca]: 83 (pos 81) <->  68 (pos 82)
--------------------------------------------------
Estado do vetor apos o PASSO 53: 0 1 1 1 2 2 3 3 6 6 8 8 8 9 10 11 11 12 12 13 14 15 17 18 20 20 21 22 22 22 22 27 27 28 29 30 34 36 36 38 40 40 41 41 42 43 43 45 45 45 46 47 47 48 48 52 52 52 52 54 57 57 57 71 75 64 79 81 80 59 63 81 79 66 67 60 74 66 68 81 76 68 83 97 91 94 91 90 84 99 93 91 84 88 98 89 98 85 88 99 
==================================================

==================================================
PASSO 54: Subvetor de indices [63 a 81]
Pivo Escolhido: 79
--------------------------------------------------
 [Troca]: 79 (pos 66) <->  68 (pos 81)
 [Troca]: 81 (pos 67) <->  76 (pos 80)
 [Troca]: 80 (pos 68) <->  68 (pos 78)
 [Troca]: 81 (pos 71) <->  66 (pos 77)
 [Troca]: 79 (pos 72) <->  74 (pos 76)
--------------------------------------------------
Estado do vetor apos o PASSO 54: 0 1 1 1 2 2 3 3 6 6 8 8 8 9 10 11 11 12 12 13 14 15 17 18 20 20 21 22 22 22 22 27 27 28 29 30 34 36 36 38 40 40 41 41 42 43 43 45 45 45 46 47 47 48 48 52 52 52 52 54 57 57 57 71 75 64 68 76 68 59 63 66 74 66 67 60 79 81 80 81 81 79 83 97 91 94 91 90 84 99 93 91 84 88 98 89 98 85 88 99 
==================================================

==================================================
PASSO 55: Subvetor de indices [63 a 75]
Pivo Escolhido: 59
--------------------------------------------------
 [Troca]: 71 (pos 63) <->  59 (pos 69)
--------------------------------------------------
Estado do vetor apos o PASSO 55: 0 1 1 1 2 2 3 3 6 6 8 8 8 9 10 11 11 12 12 13 14 15 17 18 20 20 21 22 22 22 22 27 27 28 29 30 34 36 36 38 40 40 41 41 42 43 43 45 45 45 46 47 47 48 48 52 52 52 52 54 57 57 57 59 75 64 68 76 68 71 63 66 74 66 67 60 79 81 80 81 81 79 83 97 91 94 91 90 84 99 93 91 84 88 98 89 98 85 88 99 
==================================================

==================================================
PASSO 56: Subvetor de indices [64 a 75]
Pivo Escolhido: 63
--------------------------------------------------
 [Troca]: 75 (pos 64) <->  60 (pos 75)
 [Troca]: 64 (pos 65) <->  63 (pos 70)
--------------------------------------------------
Estado do vetor apos o PASSO 56: 0 1 1 1 2 2 3 3 6 6 8 8 8 9 10 11 11 12 12 13 14 15 17 18 20 20 21 22 22 22 22 27 27 28 29 30 34 36 36 38 40 40 41 41 42 43 43 45 45 45 46 47 47 48 48 52 52 52 52 54 57 57 57 59 60 63 68 76 68 71 64 66 74 66 67 75 79 81 80 81 81 79 83 97 91 94 91 90 84 99 93 91 84 88 98 89 98 85 88 99 
==================================================

==================================================
PASSO 57: Subvetor de indices [64 a 65]
Pivo Escolhido: 63
--------------------------------------------------
 [Troca]: 63 (pos 65) <->  63 (pos 65)
--------------------------------------------------
Estado do vetor apos o PASSO 57: 0 1 1 1 2 2 3 3 6 6 8 8 8 9 10 11 11 12 12 13 14 15 17 18 20 20 21 22 22 22 22 27 27 28 29 30 34 36 36 38 40 40 41 41 42 43 43 45 45 45 46 47 47 48 48 52 52 52 52 54 57 57 57 59 60 63 68 76 68 71 64 66 74 66 67 75 79 81 80 81 81 79 83 97 91 94 91 90 84 99 93 91 84 88 98 89 98 85 88 99 
==================================================

==================================================
PASSO 58: Subvetor de indices [66 a 75]
Pivo Escolhido: 66
--------------------------------------------------
 [Troca]: 68 (pos 66) <->  66 (pos 73)
 [Troca]: 76 (pos 67) <->  66 (pos 71)
 [Troca]: 68 (pos 68) <->  64 (pos 70)
--------------------------------------------------
Estado do vetor apos o PASSO 58: 0 1 1 1 2 2 3 3 6 6 8 8 8 9 10 11 11 12 12 13 14 15 17 18 20 20 21 22 22 22 22 27 27 28 29 30 34 36 36 38 40 40 41 41 42 43 43 45 45 45 46 47 47 48 48 52 52 52 52 54 57 57 57 59 60 63 66 66 64 71 68 76 74 68 67 75 79 81 80 81 81 79 83 97 91 94 91 90 84 99 93 91 84 88 98 89 98 85 88 99 
==================================================

==================================================
PASSO 59: Subvetor de indices [66 a 68]
Pivo Escolhido: 66
--------------------------------------------------
 [Troca]: 66 (pos 66) <->  64 (pos 68)
 [Troca]: 66 (pos 67) <->  66 (pos 67)
--------------------------------------------------
Estado do vetor apos o PASSO 59: 0 1 1 1 2 2 3 3 6 6 8 8 8 9 10 11 11 12 12 13 14 15 17 18 20 20 21 22 22 22 22 27 27 28 29 30 34 36 36 38 40 40 41 41 42 43 43 45 45 45 46 47 47 48 48 52 52 52 52 54 57 57 57 59 60 63 64 66 66 71 68 76 74 68 67 75 79 81 80 81 81 79 83 97 91 94 91 90 84 99 93 91 84 88 98 89 98 85 88 99 
==================================================

==================================================
PASSO 60: Subvetor de indices [69 a 75]
Pivo Escolhido: 74
--------------------------------------------------
 [Troca]: 76 (pos 71) <->  67 (pos 74)
 [Troca]: 74 (pos 72) <->  68 (pos 73)
--------------------------------------------------
Estado do vetor apos o PASSO 60: 0 1 1 1 2 2 3 3 6 6 8 8 8 9 10 11 11 12 12 13 14 15 17 18 20 20 21 22 22 22 22 27 27 28 29 30 34 36 36 38 40 40 41 41 42 43 43 45 45 45 46 47 47 48 48 52 52 52 52 54 57 57 57 59 60 63 64 66 66 71 68 67 68 74 76 75 79 81 80 81 81 79 83 97 91 94 91 90 84 99 93 91 84 88 98 89 98 85 88 99 
==================================================

==================================================
PASSO 61: Subvetor de indices [69 a 72]
Pivo Escolhido: 67
--------------------------------------------------
 [Troca]: 71 (pos 69) <->  67 (pos 71)
--------------------------------------------------
Estado do vetor apos o PASSO 61: 0 1 1 1 2 2 3 3 6 6 8 8 8 9 10 11 11 12 12 13 14 15 17 18 20 20 21 22 22 22 22 27 27 28 29 30 34 36 36 38 40 40 41 41 42 43 43 45 45 45 46 47 47 48 48 52 52 52 52 54 57 57 57 59 60 63 64 66 66 67 68 71 68 74 76 75 79 81 80 81 81 79 83 97 91 94 91 90 84 99 93 91 84 88 98 89 98 85 88 99 
==================================================

==================================================
PASSO 62: Subvetor de indices [70 a 72]
Pivo Escolhido: 71
--------------------------------------------------
 [Troca]: 71 (pos 71) <->  68 (pos 72)
--------------------------------------------------
Estado do vetor apos o PASSO 62: 0 1 1 1 2 2 3 3 6 6 8 8 8 9 10 11 11 12 12 13 14 15 17 18 20 20 21 22 22 22 22 27 27 28 29 30 34 36 36 38 40 40 41 41 42 43 43 45 45 45 46 47 47 48 48 52 52 52 52 54 57 57 57 59 60 63 64 66 66 67 68 68 71 74 76 75 79 81 80 81 81 79 83 97 91 94 91 90 84 99 93 91 84 88 98 89 98 85 88 99 
==================================================

==================================================
PASSO 63: Subvetor de indices [70 a 71]
Pivo Escolhido: 68
--------------------------------------------------
 [Troca]: 68 (pos 70) <->  68 (pos 71)
--------------------------------------------------
Estado do vetor apos o PASSO 63: 0 1 1 1 2 2 3 3 6 6 8 8 8 9 10 11 11 12 12 13 14 15 17 18 20 20 21 22 22 22 22 27 27 28 29 30 34 36 36 38 40 40 41 41 42 43 43 45 45 45 46 47 47 48 48 52 52 52 52 54 57 57 57 59 60 63 64 66 66 67 68 68 71 74 76 75 79 81 80 81 81 79 83 97 91 94 91 90 84 99 93 91 84 88 98 89 98 85 88 99 
==================================================

==================================================
PASSO 64: Subvetor de indices [73 a 75]
Pivo Escolhido: 76
--------------------------------------------------
 [Troca]: 76 (pos 74) <->  75 (pos 75)
--------------------------------------------------
Estado do vetor apos o PASSO 64: 0 1 1 1 2 2 3 3 6 6 8 8 8 9 10 11 11 12 12 13 14 15 17 18 20 20 21 22 22 22 22 27 27 28 29 30 34 36 36 38 40 40 41 41 42 43 43 45 45 45 46 47 47 48 48 52 52 52 52 54 57 57 57 59 60 63 64 66 66 67 68 68 71 74 75 76 79 81 80 81 81 79 83 97 91 94 91 90 84 99 93 91 84 88 98 89 98 85 88 99 
==================================================

==================================================
PASSO 65: Subvetor de indices [73 a 74]
Pivo Escolhido: 75
--------------------------------------------------
 [Troca]: 75 (pos 74) <->  75 (pos 74)
--------------------------------------------------
Estado do vetor apos o PASSO 65: 0 1 1 1 2 2 3 3 6 6 8 8 8 9 10 11 11 12 12 13 14 15 17 18 20 20 21 22 22 22 22 27 27 28 29 30 34 36 36 38 40 40 41 41 42 43 43 45 45 45 46 47 47 48 48 52 52 52 52 54 57 57 57 59 60 63 64 66 66 67 68 68 71 74 75 76 79 81 80 81 81 79 83 97 91 94 91 90 84 99 93 91 84 88 98 89 98 85 88 99 
==================================================

==================================================
PASSO 66: Subvetor de indices [76 a 81]
Pivo Escolhido: 81
--------------------------------------------------
 [Troca]: 81 (pos 77) <->  79 (pos 81)
 [Troca]: 81 (pos 79) <->  81 (pos 80)
--------------------------------------------------
Estado do vetor apos o PASSO 66: 0 1 1 1 2 2 3 3 6 6 8 8 8 9 10 11 11 12 12 13 14 15 17 18 20 20 21 22 22 22 22 27 27 28 29 30 34 36 36 38 40 40 41 41 42 43 43 45 45 45 46 47 47 48 48 52 52 52 52 54 57 57 57 59 60 63 64 66 66 67 68 68 71 74 75 76 79 79 80 81 81 81 83 97 91 94 91 90 84 99 93 91 84 88 98 89 98 85 88 99 
==================================================

==================================================
PASSO 67: Subvetor de indices [76 a 79]
Pivo Escolhido: 80
--------------------------------------------------
 [Troca]: 80 (pos 78) <->  80 (pos 78)
--------------------------------------------------
Estado do vetor apos o PASSO 67: 0 1 1 1 2 2 3 3 6 6 8 8 8 9 10 11 11 12 12 13 14 15 17 18 20 20 21 22 22 22 22 27 27 28 29 30 34 36 36 38 40 40 41 41 42 43 43 45 45 45 46 47 47 48 48 52 52 52 52 54 57 57 57 59 60 63 64 66 66 67 68 68 71 74 75 76 79 79 80 81 81 81 83 97 91 94 91 90 84 99 93 91 84 88 98 89 98 85 88 99 
==================================================

==================================================
PASSO 68: Subvetor de indices [76 a 77]
Pivo Escolhido: 79
--------------------------------------------------
 [Troca]: 79 (pos 76) <->  79 (pos 77)
--------------------------------------------------
Estado do vetor apos o PASSO 68: 0 1 1 1 2 2 3 3 6 6 8 8 8 9 10 11 11 12 12 13 14 15 17 18 20 20 21 22 22 22 22 27 27 28 29 30 34 36 36 38 40 40 41 41 42 43 43 45 45 45 46 47 47 48 48 52 52 52 52 54 57 57 57 59 60 63 64 66 66 67 68 68 71 74 75 76 79 79 80 81 81 81 83 97 91 94 91 90 84 99 93 91 84 88 98 89 98 85 88 99 
==================================================

==================================================
PASSO 69: Subvetor de indices [80 a 81]
Pivo Escolhido: 81
--------------------------------------------------
 [Troca]: 81 (pos 80) <->  81 (pos 81)
--------------------------------------------------
Estado do vetor apos o PASSO 69: 0 1 1 1 2 2 3 3 6 6 8 8 8 9 10 11 11 12 12 13 14 15 17 18 20 20 21 22 22 22 22 27 27 28 29 30 34 36 36 38 40 40 41 41 42 43 43 45 45 45 46 47 47 48 48 52 52 52 52 54 57 57 57 59 60 63 64 66 66 67 68 68 71 74 75 76 79 79 80 81 81 81 83 97 91 94 91 90 84 99 93 91 84 88 98 89 98 85 88 99 
==================================================

==================================================
PASSO 70: Subvetor de indices [82 a 99]
Pivo Escolhido: 91
--------------------------------------------------
 [Troca]: 97 (pos 83) <->  88 (pos 98)
 [Troca]: 91 (pos 84) <->  85 (pos 97)
 [Troca]: 94 (pos 85) <->  89 (pos 95)
 [Troca]: 91 (pos 86) <->  88 (pos 93)
 [Troca]: 99 (pos 89) <->  84 (pos 92)
 [Troca]: 93 (pos 90) <->  91 (pos 91)
--------------------------------------------------
Estado do vetor apos o PASSO 70: 0 1 1 1 2 2 3 3 6 6 8 8 8 9 10 11 11 12 12 13 14 15 17 18 20 20 21 22 22 22 22 27 27 28 29 30 34 36 36 38 40 40 41 41 42 43 43 45 45 45 46 47 47 48 48 52 52 52 52 54 57 57 57 59 60 63 64 66 66 67 68 68 71 74 75 76 79 79 80 81 81 81 83 88 85 89 88 90 84 84 91 93 99 91 98 94 98 91 97 99 
==================================================

==================================================
PASSO 71: Subvetor de indices [82 a 90]
Pivo Escolhido: 88
--------------------------------------------------
 [Troca]: 88 (pos 83) <->  84 (pos 89)
 [Troca]: 89 (pos 85) <->  84 (pos 88)
 [Troca]: 88 (pos 86) <->  88 (pos 86)
--------------------------------------------------
Estado do vetor apos o PASSO 71: 0 1 1 1 2 2 3 3 6 6 8 8 8 9 10 11 11 12 12 13 14 15 17 18 20 20 21 22 22 22 22 27 27 28 29 30 34 36 36 38 40 40 41 41 42 43 43 45 45 45 46 47 47 48 48 52 52 52 52 54 57 57 57 59 60 63 64 66 66 67 68 68 71 74 75 76 79 79 80 81 81 81 83 84 85 84 88 90 89 88 91 93 99 91 98 94 98 91 97 99 
==================================================

==================================================
PASSO 72: Subvetor de indices [82 a 85]
Pivo Escolhido: 85
--------------------------------------------------
 [Troca]: 85 (pos 84) <->  84 (pos 85)
--------------------------------------------------
Estado do vetor apos o PASSO 72: 0 1 1 1 2 2 3 3 6 6 8 8 8 9 10 11 11 12 12 13 14 15 17 18 20 20 21 22 22 22 22 27 27 28 29 30 34 36 36 38 40 40 41 41 42 43 43 45 45 45 46 47 47 48 48 52 52 52 52 54 57 57 57 59 60 63 64 66 66 67 68 68 71 74 75 76 79 79 80 81 81 81 83 84 84 85 88 90 89 88 91 93 99 91 98 94 98 91 97 99 
==================================================

==================================================
PASSO 73: Subvetor de indices [82 a 84]
Pivo Escolhido: 84
--------------------------------------------------
 [Troca]: 84 (pos 83) <->  84 (pos 84)
--------------------------------------------------
Estado do vetor apos o PASSO 73: 0 1 1 1 2 2 3 3 6 6 8 8 8 9 10 11 11 12 12 13 14 15 17 18 20 20 21 22 22 22 22 27 27 28 29 30 34 36 36 38 40 40 41 41 42 43 43 45 45 45 46 47 47 48 48 52 52 52 52 54 57 57 57 59 60 63 64 66 66 67 68 68 71 74 75 76 79 79 80 81 81 81 83 84 84 85 88 90 89 88 91 93 99 91 98 94 98 91 97 99 
==================================================

==================================================
PASSO 74: Subvetor de indices [82 a 83]
Pivo Escolhido: 84
--------------------------------------------------
 [Troca]: 84 (pos 83) <->  84 (pos 83)
--------------------------------------------------
Estado do vetor apos o PASSO 74: 0 1 1 1 2 2 3 3 6 6 8 8 8 9 10 11 11 12 12 13 14 15 17 18 20 20 21 22 22 22 22 27 27 28 29 30 34 36 36 38 40 40 41 41 42 43 43 45 45 45 46 47 47 48 48 52 52 52 52 54 57 57 57 59 60 63 64 66 66 67 68 68 71 74 75 76 79 79 80 81 81 81 83 84 84 85 88 90 89 88 91 93 99 91 98 94 98 91 97 99 
==================================================

==================================================
PASSO 75: Subvetor de indices [87 a 90]
Pivo Escolhido: 88
--------------------------------------------------
 [Troca]: 90 (pos 87) <->  88 (pos 89)
--------------------------------------------------
Estado do vetor apos o PASSO 75: 0 1 1 1 2 2 3 3 6 6 8 8 8 9 10 11 11 12 12 13 14 15 17 18 20 20 21 22 22 22 22 27 27 28 29 30 34 36 36 38 40 40 41 41 42 43 43 45 45 45 46 47 47 48 48 52 52 52 52 54 57 57 57 59 60 63 64 66 66 67 68 68 71 74 75 76 79 79 80 81 81 81 83 84 84 85 88 88 89 90 91 93 99 91 98 94 98 91 97 99 
==================================================

==================================================
PASSO 76: Subvetor de indices [88 a 90]
Pivo Escolhido: 90
--------------------------------------------------
 [Troca]: 90 (pos 89) <->  90 (pos 89)
--------------------------------------------------
Estado do vetor apos o PASSO 76: 0 1 1 1 2 2 3 3 6 6 8 8 8 9 10 11 11 12 12 13 14 15 17 18 20 20 21 22 22 22 22 27 27 28 29 30 34 36 36 38 40 40 41 41 42 43 43 45 45 45 46 47 47 48 48 52 52 52 52 54 57 57 57 59 60 63 64 66 66 67 68 68 71 74 75 76 79 79 80 81 81 81 83 84 84 85 88 88 89 90 91 93 99 91 98 94 98 91 97 99 
==================================================

==================================================
PASSO 77: Subvetor de indices [91 a 99]
Pivo Escolhido: 94
--------------------------------------------------
 [Troca]: 99 (pos 92) <->  91 (pos 97)
 [Troca]: 98 (pos 94) <->  94 (pos 95)
--------------------------------------------------
Estado do vetor apos o PASSO 77: 0 1 1 1 2 2 3 3 6 6 8 8 8 9 10 11 11 12 12 13 14 15 17 18 20 20 21 22 22 22 22 27 27 28 29 30 34 36 36 38 40 40 41 41 42 43 43 45 45 45 46 47 47 48 48 52 52 52 52 54 57 57 57 59 60 63 64 66 66 67 68 68 71 74 75 76 79 79 80 81 81 81 83 84 84 85 88 88 89 90 91 93 91 91 94 98 98 99 97 99 
==================================================

==================================================
PASSO 78: Subvetor de indices [91 a 94]
Pivo Escolhido: 91
--------------------------------------------------
 [Troca]: 93 (pos 91) <->  91 (pos 93)
 [Troca]: 91 (pos 92) <->  91 (pos 92)
--------------------------------------------------
Estado do vetor apos o PASSO 78: 0 1 1 1 2 2 3 3 6 6 8 8 8 9 10 11 11 12 12 13 14 15 17 18 20 20 21 22 22 22 22 27 27 28 29 30 34 36 36 38 40 40 41 41 42 43 43 45 45 45 46 47 47 48 48 52 52 52 52 54 57 57 57 59 60 63 64 66 66 67 68 68 71 74 75 76 79 79 80 81 81 81 83 84 84 85 88 88 89 90 91 91 91 93 94 98 98 99 97 99 
==================================================

==================================================
PASSO 79: Subvetor de indices [93 a 94]
Pivo Escolhido: 94
--------------------------------------------------
 [Troca]: 94 (pos 94) <->  94 (pos 94)
--------------------------------------------------
Estado do vetor apos o PASSO 79: 0 1 1 1 2 2 3 3 6 6 8 8 8 9 10 11 11 12 12 13 14 15 17 18 20 20 21 22 22 22 22 27 27 28 29 30 34 36 36 38 40 40 41 41 42 43 43 45 45 45 46 47 47 48 48 52 52 52 52 54 57 57 57 59 60 63 64 66 66 67 68 68 71 74 75 76 79 79 80 81 81 81 83 84 84 85 88 88 89 90 91 91 91 93 94 98 98 99 97 99 
==================================================

==================================================
PASSO 80: Subvetor de indices [95 a 99]
Pivo Escolhido: 99
--------------------------------------------------
 [Troca]: 99 (pos 97) <->  99 (pos 99)
--------------------------------------------------
Estado do vetor apos o PASSO 80: 0 1 1 1 2 2 3 3 6 6 8 8 8 9 10 11 11 12 12 13 14 15 17 18 20 20 21 22 22 22 22 27 27 28 29 30 34 36 36 38 40 40 41 41 42 43 43 45 45 45 46 47 47 48 48 52 52 52 52 54 57 57 57 59 60 63 64 66 66 67 68 68 71 74 75 76 79 79 80 81 81 81 83 84 84 85 88 88 89 90 91 91 91 93 94 98 98 99 97 99 
==================================================

==================================================
PASSO 81: Subvetor de indices [95 a 98]
Pivo Escolhido: 99
--------------------------------------------------
 [Troca]: 99 (pos 97) <->  97 (pos 98)
--------------------------------------------------
Estado do vetor apos o PASSO 81: 0 1 1 1 2 2 3 3 6 6 8 8 8 9 10 11 11 12 12 13 14 15 17 18 20 20 21 22 22 22 22 27 27 28 29 30 34 36 36 38 40 40 41 41 42 43 43 45 45 45 46 47 47 48 48 52 52 52 52 54 57 57 57 59 60 63 64 66 66 67 68 68 71 74 75 76 79 79 80 81 81 81 83 84 84 85 88 88 89 90 91 91 91 93 94 98 98 97 99 99 
==================================================

==================================================
PASSO 82: Subvetor de indices [95 a 97]
Pivo Escolhido: 98
--------------------------------------------------
 [Troca]: 98 (pos 95) <->  97 (pos 97)
 [Troca]: 98 (pos 96) <->  98 (pos 96)
--------------------------------------------------
Estado do vetor apos o PASSO 82: 0 1 1 1 2 2 3 3 6 6 8 8 8 9 10 11 11 12 12 13 14 15 17 18 20 20 21 22 22 22 22 27 27 28 29 30 34 36 36 38 40 40 41 41 42 43 43 45 45 45 46 47 47 48 48 52 52 52 52 54 57 57 57 59 60 63 64 66 66 67 68 68 71 74 75 76 79 79 80 81 81 81 83 84 84 85 88 88 89 90 91 91 91 93 94 97 98 98 99 99 
==================================================

Array ordenado: 0 1 1 1 2 2 3 3 6 6 8 8 8 9 10 11 11 12 12 13 14 15 17 18 20 20 21 22 22 22 22 27 27 28 29 30 34 36 36 38 40 40 41 41 42 43 43 45 45 45 46 47 47 48 48 52 52 52 52 54 57 57 57 59 60 63 64 66 66 67 68 68 71 74 75 76 79 79 80 81 81 81 83 84 84 85 88 88 89 90 91 91 91 93 94 97 98 98 99 99 

--- RELATORIO DE EXECUCAO (QUICK SORT) ---
Total de elementos: 100
Total de Comparacoes: 890
Total de Trocas: 199
Total de Passos/Particoes: 82
==================================================
